2226
2200
876
1273
1056
738
2557
953
2756
556
2936
1717
2956
2953
353
911
175
243
884
878
1834
2424
1996
891
2139
461
326
1495
763
2337
1989
93
544
835
1635
1522
376
2681
2067
2832
1294
1421
1837
2130
2324
1262
1490
391
1172
6
2749
881
2778
2646
1705
820
472
1206
2050
2771
2708
2659
1768
499
2747
1010
793
487
1128
1806
1060
396
1562
1345
1204
667
943
2321
1757
868
119
2177
867
2372
18
2774
455
2907
978
2059
1323
1020
1868
2647
2297
869
1739
2969
2625
2103
65
1816
2685
106
2583
1242
2370
2329
1927
900
2537
1075
749
2371
1961
1605
1069
1953
2091
292
664
238
1159
1401
68
1979
2404
2932
860
2628
593
2265
897
1572
2944
529
1870
1090
2377
1668
2603
143
1255
1597
698
1798
2495
2693
358
2702
2405
2393
1573
2968
1130
2589
192
947
2024
2701
1939
2053
2238
2741
2870
582
2072
2544
2926
1549
562
2312
2364
2545
142
478
2326
1110
2624
1181
941
1894
1893
1011
225
2812
2464
1579
2047
2823
460
130
2869
1299
78
1154
2280
1431
2599
771
1282
1589
2040
386
626
2347
2549
2643
1999
1558
2548
2084
2833
790
983
1178
1661
2616
2794
909
2439
2470
981
682
212
2897
1820
1656
2218
2111
302
870
1984
537
928
1698
599
2391
426
611
2871
879
117
2606
198
457
1002
283
233
2996
1459
242
2194
2632
2224
440
1823
1113
252
180
2129
1478
552
1750
1306
1025
2937
1728
492
1799
644
2631
2538
1646
509
1039
10
257
34
1142
2602
16
354
2610
1004
253
2783
1856
1305
2579
1832
1818
1389
1907
2352
1190
1444
1587
2716
2857
209
1538
2573
184
2340
490
1782
1842
2763
2707
2667
2919
1888
2374
1192
2957
2032
1847
2581
2086
2243
1148
2440
2577
1365
1243
2882
1357
2147
2157
281
1219
652
2614
959
1103
597
1742
590
1024
2028
964
2768
1638
1328
557
1957
2558
2468
1177
1904
2409
759
2650
896
1507
1824
2338
518
788
403
2302
2555
2225
240
277
2228
2920
2463
2780
2651
248
2367
1367
681
840
2154
957
29
346
1254
324
936
176
2712
2855
1341
1271
2193
2164
2849
2068
1528
73
1682
149
2475
974
1574
2019
1885
312
1901
700
2925
1454
1556
188
2512
1539
1014
1356
179
1509
2058
2637
767
2687
2540
783
638
2966
1658
2015
2837
1513
2965
2341
1756
802
2595
1460
2736
1108
1046
845
1161
2655
1450
513
1643
629
1395
231
2978
2245
1266
2880
44
39
2410
1936
2486
595
2017
739
2970
1031
1854
963
2777
1962
2801
625
103
1611
1621
1655
2449
2378
86
514
120
1045
1222
1652
2598
1413
2239
1905
2501
2025
82
589
1136
1829
819
2673
2327
2591
2425
2308
1665
2644
977
447
1654
2972
70
2171
79
2457
2389
2653
725
94
1232
1068
2564
1703
1400
1314
708
2176
2057
2258
2213
899
336
1738
2121
1863
204
979
430
251
2266
2935
2494
2251
2984
665
1514
1428
1096
2368
962
1965
2467
1786
932
498
877
707
2241
1913
989
1118
849
1796
811
1187
547
507
189
971
1836
852
365
861
2819
726
1596
2807
1725
1551
675
128
356
2798
1052
2323
42
968
944
1928
1451
571
2945
668
2921
2109
1402
1333
330
382
684
676
640
2725
2889
491
2946
1463
2991
592
2078
1759
1363
895
422
838
690
2784
276
2235
19
295
1195
859
823
1324
2539
946
1286
584
284
1699
2785
2662
182
3000
1745
362
2125
733
2046
2466
468
2081
374
187
2658
1615
2838
2709
2492
1534
2961
2863
2186
424
1971
2170
408
1485
610
2227
186
2764
1049
1396
2201
1969
2686
2754
171
1983
1346
1938
2874
1310
2902
1111
207
229
159
1582
72
1249
452
1139
747
1845
1480
2719
1106
2048
2421
2010
1598
1013
525
1453
2304
155
2269
1167
2027
1744
2497
2481
1532
399
1226
1377
165
832
1369
2397
32
1998
2775
1919
1092
2355
1274
2127
1384
359
939
401
1731
1674
2123
219
2519
2910
1692
2967
982
691
2222
1419
1642
444
2115
1746
87
1864
1921
1230
2506
1439
866
2552
634
2928
157
2358
2674
2438
1408
2077
74
351
20
437
2905
951
2110
543
1606
405
2533
2185
1290
2156
2800
432
1973
96
2485
750
938
1687
1387
2145
1058
786
1895
1107
127
1726
887
2030
1267
546
1873
2099
553
1851
2715
1677
1326
731
2375
1773
980
2476
2447
1403
333
2541
2135
2744
2197
1409
22
59
1331
975
2914
2524
1828
369
1424
2567
905
2938
988
2412
1374
1657
2546
98
2303
2762
2299
2489
1391
619
459
1988
2230
255
371
145
2888
1325
1721
1827
1878
1664
1612
2787
388
794
2908
2574
476
1379
942
1749
190
1337
236
195
1313
2313
366
2864
2569
1891
2802
2576
200
576
1512
807
2817
2172
115
526
1231
2018
696
1134
1338
2563
1704
902
2153
431
2664
872
2622
1645
1524
1415
2033
160
222
2004
972
1340
1466
2114
172
519
1270
777
949
1416
2570
2354
1407
760
2636
2547
2721
483
2101
970
2394
1343
178
1506
1258
2252
2005
1355
150
389
2675
663
2596
512
2487
297
2859
1366
61
2070
2290
2934
2082
787
1144
377
1977
1288
603
2037
2292
850
2909
1038
1591
1064
1297
1089
2223
2927
748
1527
2178
1135
2531
1892
2901
463
317
2924
780
2414
1708
2169
1116
1743
1208
706
23
712
1633
2718
1406
1036
1772
643
1521
1260
2315
2208
201
469
631
1815
54
2612
2386
2055
658
2301
2214
375
705
2184
1620
104
1850
21
230
1462
2543
827
1568
635
2657
107
508
2298
812
2553
2739
734
1065
2879
2090
1445
2999
2314
2891
1285
67
443
714
1712
279
2894
1350
2575
1259
1304
2683
826
1686
1216
133
572
2585
858
2034
1917
1349
651
2895
541
1711
2124
2131
1012
607
1718
2505
477
170
2427
1368
2590
1165
496
718
818
202
2933
2772
695
1581
315
1137
2296
618
97
1571
2343
1293
2649
2828
2561
882
563
412
2987
1213
2513
2608
903
1502
286
697
2623
304
136
108
581
1422
413
2215
215
782
815
892
2242
2232
2499
1182
1461
1771
550
2106
1561
1566
927
448
1077
641
505
2638
736
1094
2173
1237
1821
1775
804
1272
1057
2684
83
1423
2209
929
773
1553
1447
2952
1517
2038
1716
2868
2357
332
2073
2806
1079
2074
2006
1788
768
524
2518
612
2842
2413
1867
66
2376
649
1934
1910
2626
1943
2428
11
1476
757
2430
2958
1814
2117
2479
2851
1188
1120
1610
558
126
535
1830
2132
1774
244
2198
501
458
559
2192
465
2471
88
1817
809
930
1112
1826
2166
2189
2841
1332
1819
2939
1767
2527
1034
1021
2348
2955
1163
1511
31
1769
1555
2069
2345
2700
2272
1214
227
894
2873
2820
2825
2237
1644
2234
1896
169
1593
1296
360
798
308
1666
1489
1434
1084
1946
269
404
2940
1264
2448
2782
1616
517
2112
2943
1265
1115
27
730
24
144
2720
164
2140
334
1869
2710
124
1352
2877
2283
2536
1398
1997
699
1443
15
1807
693
486
256
2661
717
4
100
299
2728
2916
2459
769
1132
1884
2216
368
265
1926
998
630
1339
921
656
294
1649
2727
503
1093
1465
810
2335
1970
1059
2493
427
2830
226
1783
2757
293
2809
1929
1158
1503
1541
1392
1472
937
2619
1436
1287
1492
1217
2400
2408
2396
1284
1955
2373
1033
1469
1760
1730
1792
35
174
2915
2277
2691
1681
450
1673
49
454
2899
824
2285
1858
985
620
183
2160
539
1618
862
101
1630
260
1289
47
1987
436
381
2385
660
2203
2789
2122
831
1109
2534
1361
1471
575
2679
880
2250
527
428
2705
84
213
2042
449
2892
2510
2663
2696
309
874
1042
1766
2293
2007
1050
622
1520
2994
2469
1932
716
2309
1993
2765
753
152
1848
2442
2349
1825
898
2191
1091
2035
289
1138
316
1925
1709
1321
1467
778
2779
548
2878
2331
2168
1212
2105
2676
154
2188
1727
565
2607
2795
1623
2356
2670
842
1748
2900
761
1390
2847
2745
1429
1500
1809
383
585
594
1486
2805
2041
1278
1714
1053
2508
1072
933
2703
774
1370
2256
1458
220
2398
1954
752
2001
604
445
2846
2433
1662
41
1070
2704
2360
1800
2500
530
1373
1227
481
203
464
125
1505
307
1041
1933
566
1496
615
2436
2062
208
2195
314
1862
654
801
1175
2829
1327
1123
2318
2890
1882
2207
1040
1577
1196
781
364
2885
161
579
1410
2571
1380
1600
2291
234
2088
1482
648
1359
1438
2977
703
1683
993
56
2248
803
1269
2634
1026
1358
2462
2732
1218
1062
2688
1322
263
433
2380
378
1238
1594
2190
77
1127
591
48
1603
672
1636
2839
1886
1974
196
323
2305
1335
1473
43
776
2286
2141
1651
2395
816
2797
608
1455
2287
2826
1309
1185
46
51
1722
2682
1499
2960
1940
13
2504
1425
1909
7
429
420
300
573
1354
2613
1785
2415
2629
1008
875
1876
1043
1976
153
1166
2611
2453
2187
85
1963
1193
2271
1839
2677
1336
2231
2699
2724
2947
1320
2330
671
322
1015
2998
770
168
2284
2804
2922
1427
2401
1959
1609
2158
2814
1037
1171
1625
2244
235
1637
692
2758
352
1754
2098
1176
1184
890
2437
470
1956
2535
1981
131
913
2729
1221
2379
92
1477
2472
2061
2645
966
2
1385
2941
2451
637
1660
1311
1689
523
837
806
500
163
729
2985
1501
1281
2300
2867
2733
578
217
116
1430
372
1947
2748
1055
1575
2615
2120
1805
2822
2950
1972
271
1160
485
1263
1995
2692
80
822
348
1150
1784
1234
621
2695
2332
2948
2445
2383
1622
532
2992
335
30
1061
2813
1853
740
1994
2954
2261
1601
724
1156
1529
1764
1859
2723
650
536
839
540
1518
1180
55
2560
1838
2845
2883
545
2118
2066
1719
1801
1879
1944
2975
2361
934
1533
1535
406
76
1275
237
1205
567
398
2904
113
2233
1426
2582
118
961
1872
2273
2279
2964
1592
587
853
616
2080
258
2834
2316
2143
2865
538
1483
2076
2045
646
722
2107
1924
462
2134
2096
1412
666
475
2175
2930
1295
12
1307
2769
2411
994
2529
1978
327
254
1614
2886
645
1880
1381
2253
854
2049
2872
2911
266
221
99
863
2525
2359
274
1688
1001
1153
2498
411
1557
320
1763
1923
680
728
821
2604
1448
855
2282
2600
1770
2990
33
138
2113
123
2217
1250
1303
754
600
925
2126
969
367
601
1456
2174
494
45
2199
1054
709
834
1143
2734
799
1191
2093
910
249
1659
775
1791
1382
2009
2713
1942
2827
387
574
1516
568
1475
2986
1224
110
1968
1414
1330
1225
2652
1812
755
2973
1857
906
1795
958
1189
2875
345
2803
926
1124
1530
1105
306
1210
2403
1735
1005
2627
2128
2516
1931
1734
688
216
2738
1441
480
657
2000
2669
151
916
2843
1684
2288
920
1141
2022
2060
1762
833
328
2432
497
210
945
489
2095
158
2100
713
1701
1007
1194
1690
91
2426
2578
2694
990
2963
409
298
2896
2898
2522
247
2678
2836
2450
1733
343
121
1076
9
606
800
986
865
418
473
2717
2267
931
1671
1066
1559
528
516
109
704
1376
1849
2893
2039
1201
1129
1889
1607
1985
241
2333
2183
1515
2621
1018
2317
390
2680
1372
410
1550
1843
950
1383
1162
560
2587
2982
2417
259
1883
885
661
1740
2746
2597
1164
1675
954
1672
743
394
2742
2913
1930
506
2821
2021
1000
1567
1498
173
694
2420
1958
1360
1452
1235
2016
272
1647
2382
264
1087
588
997
678
1548
2752
569
2580
991
2862
857
1442
1980
1570
873
533
841
888
1119
267
1404
1009
737
1417
1200
1667
1897
8
570
1641
1344
2480
1117
2456
2550
2149
2052
60
2196
1640
609
1378
2339
1470
741
2089
1510
2369
2640
114
1632
2848
2793
1169
1628
1209
1114
2150
2698
156
534
2565
2735
2219
95
53
1794
421
1569
191
2264
2594
2840
602
2446
162
515
2988
1074
1619
310
471
479
2633
58
2254
2179
973
2689
2206
2906
662
2858
262
214
2861
617
1627
1491
319
1695
484
1315
493
90
687
1239
1047
1125
2240
1157
1752
419
1252
270
1246
2473
2759
1145
1228
361
1755
2392
1588
1822
751
339
303
2119
2912
1179
1220
2962
639
2202
1223
1751
636
2085
1563
197
2104
1504
2586
2761
1437
2465
466
677
1590
784
965
2144
1912
1268
1542
829
1523
1329
914
632
549
2002
1388
2766
813
1351
194
446
2210
62
1048
2852
71
2260
1319
772
2884
2831
2781
1678
1097
1935
613
2755
1986
2452
2159
904
792
1147
2477
2511
1207
40
915
373
1386
135
1648
1890
2249
2029
1277
1552
2310
1663
1078
2854
2767
14
2353
2268
2221
402
1202
1098
2390
1028
1691
2441
2220
1464
795
2294
2811
791
995
1777
146
1903
624
710
1497
1902
482
2490
2406
1080
2350
2384
64
689
1083
2419
2346
2671
1706
337
2929
2320
577
2474
554
2810
2163
1446
655
2407
2491
1747
415
2690
232
2289
1071
1720
1317
5
1030
1866
2399
1240
2559
2520
1761
669
1399
1494
2572
2923
2013
580
1564
2515
2562
779
282
1241
996
147
1537
453
2307
2722
987
1081
701
1802
250
2146
2482
1186
2815
1371
1877
273
923
1715
1844
1536
488
583
1253
797
1174
451
2155
137
2526
551
2918
702
1841
1244
148
1560
2642
924
1982
1440
318
847
1693
1583
456
166
805
1776
2514
1279
288
2601
1803
814
2444
1051
2592
1626
2351
1397
1104
1347
561
287
407
1629
1990
1813
614
1151
2165
1140
397
1547
789
1088
1334
1948
1508
1576
1899
2850
1073
764
2866
1831
1121
1790
531
1019
848
828
952
1362
720
1022
1029
851
2092
1916
765
628
357
1753
2844
1283
2031
2212
52
2065
511
1152
1865
1697
2102
711
2942
105
956
2167
69
1951
111
2402
338
2342
2588
2478
89
1484
2971
1481
417
1546
2204
467
1247
2454
1723
1375
2751
1291
1531
1170
385
2023
2247
2530
2509
1493
2083
141
1634
245
2668
1248
2281
2730
3
1101
1082
37
1781
2461
305
2974
1245
2387
2278
439
2363
1544
2556
2026
2776
1257
2860
766
2639
2422
2388
1861
1639
393
474
1126
1261
1197
1353
2503
1852
2618
2270
2056
1233
2660
2532
817
28
746
2064
344
2876
2211
17
2791
1724
2142
918
224
796
2020
2740
2824
1685
1833
2951
1312
1906
211
239
2365
2484
1855
2094
2959
416
1810
1316
2257
642
2434
331
2008
495
435
2344
1519
1364
1474
1394
280
342
2161
758
380
2523
2152
3001
2136
301
967
278
2087
1457
290
1702
745
1183
1479
1950
1229
1964
2507
2276
2853
1676
883
129
1099
1146
1846
2138
2584
2259
1215
1911
2770
1874
122
1881
825
2137
2620
2641
721
1732
228
1420
2593
2151
2079
1584
2981
843
1411
1468
586
2381
2792
1599
1198
2236
2737
683
2731
1991
1811
1155
1063
623
1915
438
1433
901
167
1960
1797
723
2003
1023
1780
1251
177
1586
261
1696
564
1653
1199
1342
674
522
355
1617
1545
742
940
1203
2976
633
1871
1027
275
2162
1789
2133
2654
785
1631
762
2856
199
1003
1168
1035
1298
504
2997
992
685
999
1758
1679
2322
686
347
2931
313
2044
907
363
2429
1952
846
2229
1017
510
1914
2656
1449
2488
2416
1887
2435
673
1840
311
2554
935
1966
1736
2796
1085
1348
808
379
1032
627
2697
2362
1694
2263
205
948
340
2773
1100
1808
2180
246
2319
57
1765
50
2788
2786
917
1095
830
2790
893
395
605
715
321
185
434
1435
1700
442
2182
756
1945
2665
2630
1302
908
864
2274
2148
2983
2295
679
912
1918
1067
36
1405
2903
441
1710
181
75
425
285
1680
1276
2818
2054
955
1292
2325
919
653
1778
1787
1835
1565
2423
2799
1487
350
384
2431
886
521
871
2995
2521
26
370
1300
2726
1211
1975
296
2460
2881
1526
2568
38
647
2917
1967
1650
218
2205
1875
81
2097
2443
1898
2311
2714
1578
1308
836
856
2071
1236
132
2011
2181
2458
1604
1669
1624
2760
291
889
2036
2980
1860
341
2635
2648
139
112
2306
1044
2666
2609
325
1016
1900
2887
2116
2483
732
63
1937
542
414
520
844
1729
1393
744
735
2262
1920
1713
1173
2108
206
2551
349
1992
329
2605
727
1670
719
2502
1804
2328
1
2075
2993
193
2566
1432
2617
1595
2043
102
1006
2051
1741
1941
1102
2743
1525
1543
1779
1131
2246
659
1280
1585
1908
1149
2808
1318
2528
2672
1793
2753
2455
2063
502
2989
2336
2542
596
2949
1301
2014
960
1949
423
2517
976
400
2255
1133
2816
670
1707
134
1737
598
1580
140
2496
2750
223
2979
2275
1488
2706
922
392
2366
1256
1554
2012
2334
1608
1418
984
25
268
2835
555
1602
2418
2711
1922
1122
1540
1613
1086
