100
5
1 2 3 4 5
3
3 5 6
2
5 6
2
5 5
15
134365 847434 763775 255070 495436 449492 651593 788724 93860 28348 835766 432768 762281 2107 196399
15
445388 721541 228763 945271 901428 30590 25446 541413 939150 381205 216600 422117 29041 221692 437888
5
230867 218782 459604 289782 244719
13
556455 642295 185907 992544 859947 120890 332696 721485 711192 936441 422107 830036 56809
6
587581 882480 846198 505284 589003 401524
5
797405 414314 173008 548799 34008
11
374704 438962 508427 778443 520939 393256 489694 29575 43488 703383 983188
7
170350 502239 982077 770524 539618 860290 333360
9
952468 577795 459132 269280 547997 957117 5710 783656 550477
14
740504 809140 518679 561358 426091 56124 870011 570000 199840 504721 484926 356790 346078 538479
10
4582 280 2297 1773 5845 8611 7985 7971 8165 13931
13
6732 833 167 146 7556 2496 1095 6249 3445 696 1597 5274 3128
5
7116 4548 3221 4738 5151
7
4210 1881 1088 8999 5102 2091 11145
13
209 179 1465 7189 1603 7047 6782 5448 2206 9756 7979 5166 11963
11
3949 5759 3213 6310 588 2987 9680 8756 3064 8586 10568
15
7439 4162 2524 85 8788 380 8195 9623 5703 1716 8678 9738 7041 5089 15623
6
2058 6742 4330 1942 1045 309
6
4998 3254 8717 8997 181 7853
6
9871 7828 3391 2131 6745 10030
15
3439 8824 6872 4845 9856 2347 7255 847 1697 9110 2130 7592 6003 8412 3682
6
8675 6040 9544 8873 1354 13520
3
392 732 852
13
8286 3409 6152 7820 3781 5708 2238 818 2668 8908 5645 9251 4578
13
8278 124 6705 917 1152 8851 401 2397 9882 4211 1156 1674 9142
12
1029 9108 3783 9703 9093 2941 2535 4771 1002 6521 397 9235
15
2956 5966 4499 3133 630 9134 9699 9698 1114 2152 6179 9800 5430 6882 7480
5
5417 3074 2464 814 5029
15
4480 6521 6435 9408 3905 3068 3273 3168 8472 8936 3029 3344 5443 5790 14310
5
204 2438 724 5513 7703
3
6354 2909 5007
8
8627 1542 5015 7950 772 9493 1733 7763
13
3198 1069 5144 9194 2935 8938 1417 9105 318 3161 9031 8039 9072
12
6896 1782 4327 1579 7149 6678 2526 645 9634 8083 5493 5414
8
3958 3387 2580 245 6465 4167 5707 624
3
1252 2592 3780
7
4011 6125 2336 75 5288 5009 6489
11
7315 2384 4951 4789 2251 4123 5605 9070 9178 2753 4961
3
716 5117 4401
4
7661 8831 3119 6926
7
7013 7365 5946 8563 8967 9601 5713
5
2177 5696 7578 522 337
12
3480 5151 1648 7299 408 9813 8080 6285 2676 9129 9595 12034
12
8420 6598 7005 4451 9244 9713 3824 8028 4330 1648 3255 14704
14
9595 1192 6007 4083 1181 2955 2483 7496 41 1899 4388 211 6276 11403
13
2067 2848 5424 2733 5858 2509 6836 7911 8087 9737 5454 4909 14383
12
5706 3833 2841 1082 8076 1181 7473 5453 9650 7611 9736 1366
10
3113 5031 3569 5284 9 4424 4496 3048 3995 633
11
4923 6477 3776 2040 39 2777 5982 8817 8295 5110 9871
13
4090 7447 9876 3054 1704 6201 5310 3595 36 3892 4259 4053 11221
10
7339 8980 7488 4928 7458 6404 6488 6297 4070 6293
15
7825 8463 7675 8154 6055 3495 2646 7081 8740 5443 1521 8330 4846 4672 9458
9
7448 4226 3552 6569 198 5072 9462 6905 13514
11
6050 2089 2078 8861 2691 749 8307 5232 3683 5116 5370
4
6531 7135 8151 2698
5
5611 1724 7898 8668 11345
5
9638 7067 8438 306 8185
10
3166 4318 7616 7855 1900 6259 1657 9731 4436 9132
10
2620 5266 1387 1381 7158 3611 7514 2405 7182 7185
3
3971 4924 7359
4
554 5976 8889 14283
3
7040 8150 1110
10
3425 8379 1181 6927 953 3998 4951 3779 1686 2318
8
5800 2120 7150 3302 5937 9095 9944 463
14
3196 3832 5803 9189 4000 8801 7586 1523 9137 152 1452 6649 572 3795
8
8400 9061 355 609 8407 429 2736 11133
3
277 6376 6653
11
8457 6631 3898 6311 9696 6417 2431 602 9352 5905 3497
9
5222 609 3533 4127 1994 8802 4242 6624 9999
12
7212 7523 2516 9765 1511 9187 8546 8522 529 913 8131 4692
15
402 5315 4434 1283 3952 7077 8824 247 5246 904 8004 858 342 3843 13031
6
1301 7946 8070 8559 3038 4249
9
3302 3387 7837 9563 5842 1047 6526 4487 8231
12
8348 7013 5357 8969 8317 2914 1571 3704 5211 974 3454 5750
13
6512 3137 2984 3527 3253 7486 5011 5262 1488 9145 3256 3276 9173
15
4797 9129 9277 9698 8157 9255 9223 8014 1346 5238 5757 9925 7840 7030 5154
7
9424 6436 4026 4646 9798 5322 1678
11
5628 9069 1847 4112 7280 502 993 5458 2658 1070 9423
10
5264 785 729 8507 6433 1734 8619 219 3682 1174
11
2838 8913 5981 8655 8928 4255 6757 5445 9448 7982 7259
15
2566 2014 7468 7704 5143 4871 4038 8827 7963 5846 402 8512 4585 1898 2994
3
1201 3027 3938
12
9708 5431 5720 5514 5257 5421 8186 9534 4084 6300 3078 3020
10
5500 9766 1630 6367 9946 7362 5660 3684 4022 13
14
6697 8988 9252 8464 3835 4644 7960 3727 7494 4815 3366 4562 1166 3545
3
1721 2603 3218
10
2872 9978 2580 5138 7396 6914 4336 7770 4858 7155
15
7162 914 1295 9666 2293 262 2533 4798 9522 3992 7236 8344 892 6119 10464
9
5345 3468 9462 9696 1032 5529 4197 6717 1187
5
4798 7933 8579 7865 13177
3
3898 6688 5402
9
9051 1162 8539 1059 3864 9054 2013 5208 15722
14
9921 2886 4925 8951 5448 2147 7597 3371 4860 86 9890 6573 9259 6254
5
5406 4403 7599 8424 2286
11
4117 1303 1954 5609 5985 9601 5328 6090 1489 4139 9033
11
2671 2145 3677 4706 3384 6058 1813 8800 6942 5348 11820
