Unload: 13050000

7 13414
167 7025
2294 2312
2411 5215
2832 6875
1909 14417
383 13006
3634 14491
1467 4762
2504 5673
3071 14227
373 679
3210 317
1837 14928
581 9507
3158 12701
63 8427
901 14692
597 12279
697 6386
3479 7277
2658 13631
1033 1804
2746 3592
2632 9035
397 7505
1380 9001
1359 5538
3589 5857
2145 4945
2899 5664
679 12262
2016 2811
3579 14562
1369 7062
2392 2980
854 10722
2809 4525
2450 2941
2289 2309
1787 4412
3328 10232
2802 5653
538 14842
2731 5438
1279 5021
2306 6390
1841 5456
3055 8074
1368 8062
1651 1332
309 4942
12 8082
2104 2555
144 4002
159 10119
2736 10690
3189 11271
873 13141
3507 4500
2732 12135
3237 5126
3032 2049
1782 4837
1052 13219
848 9070
621 582
181 10453
2059 13439
2694 12939
278 14810
84 6234
1986 10551
1075 3173
3738 11759
3704 11411
3622 7696
1771 9373
1085 2662
1015 9919
2622 13723
3318 7598
816 2776
1062 14054
1129 11806
3672 5078
499 3983
2020 1512
1957 2122
2025 13618
1277 3210
1667 6505
128 1032
3581 1436
597 5087
1173 3690
720 7053
2179 5471
1623 1226
1413 8974
139 2762
887 13348
1012 11105
3703 3943
2192 6824
512 11167
441 5668
2161 5726
1877 6378
1475 10104
1355 4554
1582 1444
2415 7221
2014 11526
1935 11199
2742 6148
2176 12503
1424 11787
2786 7002
216 10204
415 10015
3574 14275
3192 1305
2298 6473
192 8615
635 12471
643 13056
2294 9436
3709 10891
1225 3825
2584 7754
1420 2446
1902 6820
2124 5167
2259 4617
2207 788
1578 6927
3446 6078
144 8811
2522 11978
3324 13266
2358 12265
21 2089
458 5866
3275 12520
133 1372
2926 7312
550 10587
1351 12486
1514 13950
