Unload: 6090000

2500 6391
2500 6802
2500 5840
2500 39
2500 259
2500 4114
2500 6678
2500 1598
2500 5260
2500 5788
2500 6156
2500 3731
2500 1093
2500 2683
2500 1005
2500 606
2500 3869
2500 5342
2500 5165
2500 258
2500 4279
2500 1621
2500 1933
2500 6975
2500 6895
2500 62
2500 3124
2500 74
2500 1366
2500 3520
2500 3954
2500 6639
2500 5204
2500 1195
2500 3870
2500 3727
2500 4700
2500 6137
2500 6479
2500 6376
2500 5177
2500 108
2500 5873
2500 4448
2500 1155
2500 5921
2500 265
2500 4569
2500 2735
2500 2502
2500 5260
2500 5911
2500 4982
2500 50
2500 3643
2500 2112
2500 693
2500 146
2500 2267
2500 5783
2500 1409
2500 6159
2500 4767
2500 4743
2500 171
2500 4027
2500 148
2500 5635
2500 318
2500 1652
