Unload: 6090000

6199 97
3820 97
1204 97
4985 97
129 97
5137 97
4314 97
6271 97
888 97
6085 97
5426 97
4183 97
2536 97
2937 97
2042 97
5536 97
55 97
692 97
3060 97
1762 97
3042 97
5819 97
2659 97
2330 97
5873 97
1076 97
4233 97
2253 97
6263 97
6370 97
781 97
6158 97
4120 97
6231 97
3667 97
2404 97
5412 97
2409 97
3568 97
2482 97
6456 97
4925 97
2635 97
1695 97
2361 97
124 97
3421 97
2296 97
4164 97
3409 97
2632 97
1783 97
2579 97
3485 97
2237 97
576 97
1969 97
6388 97
4228 97
1471 97
568 97
2084 97
6430 97
4928 97
6651 97
5166 97
118 97
5812 97
125 97
6311 97
