Unload: 6699000

658	1963
454	1490
863	6478
1855	6237
977	5428
1650	5678
224	6434
164	5225
1162	23
1106	2710
173	7484
863	6393
1195	4788
1294	1201
409	824
787	6617
894	2502
1655	3949
1305	1746
105	5563
1547	3509
53	3213
1400	4324
1026	680
544	4467
799	6475
742	876
707	403
99	4361
277	6302
1878	6366
1540	5202
621	1615
1477	5429
758	5615
120	5145
1291	7200
1417	2688
323	3007
680	4203
184	7256
884	6833
259	7189
445	5856
836	3102
1792	3795
303	5176
97	4851
1143	7342
1440	5273
1336	1218
153	2865
351	6125
1342	5715
341	468
1765	1442
1113	1192
1924	2754
184	6383
1703	995
284	5641
1397	6997
798	4125
264	3461
628	288
1645	4888
841	4997
639	1635
1047	1345
1837	4323
1002	5626
1610	1816
976	5747
906	1780
211	1724
1192	6443
392	50
