Unload: 7221000

1311	2129
925	4051
384	1921
1940	6885
155	6732
751	5093
110	5501
1766	6804
444	3088
1018	4814
1290	3154
1433	3696
993	4665
778	3709
502	3322
1190	7415
1893	6844
534	2887
2025	626
1946	4146
1886	7288
1099	858
625	8283
1442	7883
1149	6406
1759	363
225	4700
1269	795
1113	5229
1783	6815
1493	3680
2022	7027
712	1585
410	5345
1916	1993
891	3754
907	5588
1337	5609
85	6306
1627	4260
943	2785
281	2552
1785	413
966	1756
4	2794
1208	5240
1790	2721
581	4919
1072	1197
693	6038
1138	4723
208	1664
1632	6614
963	2529
1707	1440
211	103
307	6471
1981	6889
703	5543
470	3412
181	1142
643	4374
876	6962
1273	7308
1987	5998
125	4395
1438	360
1737	1844
1620	1218
287	260
1634	5780
1944	2893
1386	797
231	4113
1351	803
785	1070
428	1245
1718	7063
1468	6824
584	2820
563	1214
229	1162
1752	7410
