100
3 3
2 1 2
1 1 1
2 1 2
5 5
2 2 2 2 2
2 1 1 1 2
2 1 2 1 2
2 1 1 1 2
2 2 2 2 2
8 8
1 1 1 1 1 1 1 1
1 1 1 1 1 1 1 1
1 2 2 2 1 2 2 2
1 2 2 2 1 2 2 2
1 1 1 1 1 1 1 1
1 2 2 2 1 2 2 2
1 2 2 2 1 2 2 2
1 1 1 1 1 1 1 1
2 8
2 1 1 2 1 1 1 1
2 1 2 1 2 2 2 1
7 2
2 2
1 2
2 2
2 1
1 2
2 2
2 1
1 5
2 1 2 1 1
2 1
1
1
9 3
1 2 2
1 2 2
2 2 2
2 2 2
2 1 1
2 2 2
2 2 2
2 1 2
1 2 1
10 10
2 2 2 2 2 2 2 2 2 2
2 2 2 2 2 2 2 2 2 2
2 2 2 2 2 2 2 2 2 2
2 2 2 2 2 2 2 2 2 2
2 2 2 2 2 2 2 2 2 2
2 2 2 2 2 2 2 2 2 2
2 2 2 2 2 2 2 2 2 2
2 2 2 2 2 2 2 2 2 2
2 2 2 2 2 2 2 2 2 2
2 2 2 2 2 2 2 2 2 2
9 3
2 2 2
2 2 2
2 2 2
2 2 2
2 2 2
2 2 2
2 2 2
2 2 2
2 1 2
4 4
2 1 2 1
1 1 2 2
2 2 1 2
2 2 1 1
2 7
2 2 2 2 1 2 1
2 1 1 2 1 1 1
3 9
2 2 2 2 2 1 1 2 1
1 1 2 1 1 1 1 1 1
2 1 1 1 2 1 2 1 2
2 5
2 2 1 2 1
1 2 2 2 2
3 2
2 1
1 1
2 1
8 8
1 2 2 2 1 1 1 1
1 2 1 2 1 2 2 2
2 2 2 1 2 2 1 1
2 2 1 1 2 1 1 2
2 1 1 1 1 2 2 2
1 1 1 1 1 2 2 2
2 1 2 1 2 1 2 2
1 1 2 1 1 1 1 1
8 8
1 1 2 1 1 2 1 1
2 1 1 2 1 1 1 2
1 1 1 1 1 2 1 2
1 1 1 1 1 2 1 2
2 2 2 2 2 1 1 1
1 1 1 1 2 2 2 1
1 2 2 2 1 1 2 2
2 1 1 1 1 2 2 1
5 4
1 1 1 2
2 2 2 1
1 2 1 2
2 1 2 2
1 1 1 2
3 5
1 2 1 1 2
2 2 1 2 1
1 2 2 2 1
4 5
2 2 2 1 2
2 2 2 1 2
2 2 2 1 2
2 2 2 1 2
4 5
2 2 1 1 2
2 1 2 2 2
2 2 2 1 2
2 2 2 2 2
3 5
1 1 1 1 1
1 2 2 1 2
1 2 2 1 2
8 4
1 2 2 2
1 2 2 1
1 2 2 2
2 2 2 1
2 2 2 2
2 1 2 2
2 1 2 1
2 2 2 2
10 10
1 2 2 2 1 1 1 2 1 1
2 2 2 2 2 2 1 2 1 2
1 2 1 2 2 2 1 1 2 1
2 1 1 2 2 1 2 2 2 1
1 1 2 2 2 2 2 2 2 1
2 2 2 2 1 1 2 1 2 2
2 2 1 1 2 1 1 2 2 1
2 2 2 1 1 1 2 1 2 1
2 2 2 1 2 2 2 1 2 1
1 2 1 1 1 2 2 1 1 2
8 4
2 2 2 2
2 1 2 1
1 2 2 2
1 1 2 2
1 2 2 1
2 2 2 1
2 2 2 1
2 1 2 2
2 7
1 1 1 1 1 2 2
2 2 2 1 1 1 2
6 7
1 1 1 1 1 1 1
1 1 1 2 1 1 2
1 1 1 1 1 1 1
1 1 1 1 1 1 1
1 1 1 1 1 1 1
1 1 1 2 1 1 2
10 10
2 2 2 2 2 1 2 2 2 2
2 2 2 2 2 2 2 2 2 2
2 2 2 2 2 2 2 2 2 2
2 2 2 2 2 2 1 2 2 2
2 2 2 2 2 2 2 2 2 2
2 2 2 2 2 2 2 2 2 2
2 2 2 2 2 2 2 2 2 2
2 2 2 2 2 2 2 2 2 2
2 2 2 2 2 2 2 2 2 2
2 2 2 2 2 2 2 2 2 2
8 2
2 2
2 2
1 1
1 1
1 1
1 1
2 2
1 2
7 2
1 2
1 2
2 1
1 2
2 1
2 2
2 2
9 3
2 2 1
1 1 1
2 2 1
2 2 1
2 2 1
2 2 1
2 2 1
2 2 1
1 1 1
10 10
1 2 2 2 2 1 2 2 1 2
1 2 2 2 2 1 2 2 1 2
1 2 2 2 2 1 2 2 1 2
1 2 2 2 2 1 2 2 1 2
1 1 1 1 1 1 1 1 1 1
1 1 1 1 1 1 1 1 1 1
1 1 1 1 1 1 1 1 1 1
1 2 2 2 2 1 2 2 1 2
1 1 1 1 1 1 1 1 1 1
1 2 2 2 2 1 2 2 1 2
4 8
2 2 1 2 2 1 2 1
1 1 1 1 1 1 1 1
2 2 1 2 2 1 2 1
2 2 1 2 2 1 2 1
7 2
2 2
2 2
2 2
2 2
2 2
2 2
1 2
4 4
1 2 2 1
1 1 1 1
2 2 1 2
2 2 1 1
4 8
2 2 2 2 2 2 2 2
1 2 2 2 2 2 2 2
2 2 2 2 2 2 2 2
2 2 2 2 2 2 2 2
8 3
1 1 1
1 2 1
1 2 1
1 1 1
1 2 1
1 1 1
1 1 1
1 1 1
1 2
1 1
6 1
1
1
1
1
1
1
1 1
2
4 4
2 2 1 1
1 1 1 1
1 1 1 1
1 1 1 1
7 2
2 1
1 1
2 1
1 1
1 1
2 1
1 1
10 10
1 2 2 1 1 1 1 2 1 1
1 1 2 2 1 2 2 1 2 2
1 2 1 2 1 2 1 2 2 2
1 1 2 1 2 1 1 2 2 1
2 2 2 1 1 1 2 2 1 2
1 2 2 1 2 1 1 2 2 1
1 2 2 1 1 2 1 1 2 1
1 1 2 1 2 2 2 1 2 2
2 2 2 1 2 2 1 2 1 2
1 2 2 1 1 1 2 1 1 1
10 10
2 2 2 2 2 2 2 2 2 2
2 2 2 2 2 2 2 2 2 2
2 2 2 2 2 2 2 2 2 2
2 2 2 2 2 2 2 2 2 2
2 2 2 2 2 2 2 2 2 2
2 2 2 2 2 2 2 2 2 2
2 2 2 2 2 2 1 2 2 2
2 2 2 2 2 2 2 2 2 2
2 2 2 2 2 2 2 2 2 2
2 2 2 2 2 2 2 2 2 2
3 5
2 2 1 2 2
2 2 2 2 2
2 2 2 2 2
8 3
2 2 2
2 2 2
2 2 1
2 2 1
2 1 2
2 2 1
1 1 2
1 2 2
5 6
2 2 2 2 2 2
1 1 2 2 2 2
2 1 2 2 2 2
2 2 2 2 2 2
2 2 2 2 2 2
7 2
2 2
2 2
2 2
1 2
2 2
2 2
2 2
10 10
2 2 2 2 2 2 2 2 2 2
2 2 2 2 2 2 2 1 2 2
2 2 2 2 2 2 2 1 2 2
2 2 1 2 2 2 2 2 2 2
2 2 2 2 1 2 2 2 2 2
2 2 2 2 2 1 1 2 2 2
2 2 2 2 2 2 2 1 2 2
2 2 2 2 1 2 1 1 2 2
2 2 2 2 2 2 2 2 2 2
2 2 2 2 2 2 2 2 2 2
1 3
1 1 1
1 6
1 1 1 1 1 1
10 10
1 1 1 1 2 1 1 1 1 1
1 1 1 1 1 1 1 1 1 1
1 1 1 1 1 1 1 1 1 1
1 1 1 1 1 1 1 1 1 1
1 1 1 1 1 1 1 1 1 1
1 1 1 1 1 1 1 1 1 1
1 1 1 1 1 1 1 1 1 1
1 1 1 1 1 1 1 1 2 1
1 1 1 1 1 1 1 1 1 1
1 1 1 1 1 1 1 1 1 1
2 1
1
1
3 3
1 2 2
1 1 1
1 1 1
7 2
2 2
1 1
1 1
2 2
2 2
2 2
2 2
10 4
2 2 2 2
2 2 2 2
2 2 2 2
2 2 2 2
2 1 2 2
2 2 2 2
2 2 2 2
2 2 2 2
2 2 2 2
2 2 2 2
4 8
2 1 2 1 1 2 2 1
1 1 2 1 2 1 1 2
2 2 1 2 1 1 2 1
2 1 1 2 1 2 1 1
3 3
2 1 2
2 1 1
1 2 2
1 2
2 2
2 5
1 2 1 2 2
1 2 1 2 2
5 2
1 1
1 1
2 2
1 2
1 1
10 10
1 2 1 2 2 1 2 2 2 1
1 1 1 1 1 1 1 1 1 1
1 2 1 2 2 1 2 2 2 1
1 2 1 2 2 1 2 2 2 1
1 2 1 2 2 1 2 2 2 1
1 1 1 1 1 1 1 1 1 1
1 1 1 1 1 1 1 1 1 1
1 2 1 2 2 1 2 2 2 1
1 2 1 2 2 1 2 2 2 1
1 1 1 1 1 1 1 1 1 1
10 10
1 1 1 1 1 1 1 1 1 1
1 1 1 1 1 1 1 1 1 1
1 1 1 1 1 1 1 1 1 1
1 1 1 1 1 1 1 1 1 1
1 1 1 1 1 1 2 1 1 1
1 1 1 1 1 1 1 1 1 1
1 1 1 1 1 1 1 1 1 1
1 1 1 1 1 1 1 1 1 1
1 1 1 1 1 1 1 1 1 1
1 1 1 1 1 1 1 1 1 1
5 6
2 2 2 2 2 2
2 2 2 2 1 2
2 2 2 2 2 2
2 2 2 2 2 2
2 2 2 2 2 2
4 5
2 2 2 1 1
1 1 1 1 1
1 1 1 1 1
2 2 2 1 1
4 5
2 2 2 2 2
1 2 2 2 2
2 2 2 2 2
2 2 2 2 2
10 4
1 1 1 1
1 1 1 1
2 1 1 2
2 1 1 2
2 1 1 2
2 1 1 2
2 1 1 2
1 1 1 1
2 1 1 2
1 1 1 1
6 7
1 2 2 1 2 2 2
1 2 2 1 2 2 2
2 2 2 2 2 1 2
2 2 2 2 2 2 2
2 2 2 1 2 1 2
1 2 1 2 2 2 2
5 3
1 1 2
2 1 1
1 1 2
2 1 2
2 2 2
4 8
1 2 1 1 1 1 2 2
2 1 2 1 1 1 2 2
1 1 1 2 1 1 1 1
2 1 1 1 2 2 2 1
4 5
1 2 1 1 1
1 1 1 2 2
2 2 2 2 2
2 2 1 2 2
5 4
2 1 2 1
2 1 1 1
1 2 1 1
1 2 1 1
2 2 1 2
4 8
2 2 1 2 2 2 1 2
2 2 1 2 2 2 1 2
2 2 1 2 2 2 1 2
2 2 1 2 2 2 1 2
1 1
1
6 7
2 2 2 2 2 2 2
2 2 2 2 2 2 2
2 2 2 1 2 2 2
2 2 2 2 2 2 2
2 2 2 2 2 2 2
2 2 2 2 2 2 2
10 10
2 1 1 1 1 1 1 1 1 1
1 1 1 1 1 1 1 1 1 1
1 1 1 1 1 1 1 1 1 1
1 1 1 1 1 1 1 1 1 1
1 1 1 1 1 1 1 1 1 1
1 1 1 1 1 1 2 1 1 1
1 1 1 1 1 1 1 1 1 1
1 1 1 1 1 1 1 1 1 1
1 1 1 1 1 1 1 1 1 1
1 1 1 1 1 1 1 1 1 1
8 2
1 1
1 1
1 1
1 2
1 2
1 2
1 1
1 2
7 6
2 1 2 1 2 2
2 2 2 2 2 2
2 2 1 1 1 2
2 2 1 1 1 2
1 1 2 1 1 1
1 1 1 2 2 1
2 1 2 2 1 1
10 10
2 1 2 2 2 2 2 2 2 2
2 2 2 2 2 2 2 2 2 2
2 2 2 2 2 2 2 2 2 2
2 2 2 2 2 2 2 2 2 2
2 2 2 2 2 2 2 2 2 2
2 2 2 2 2 2 2 2 2 2
2 2 2 2 2 1 2 2 2 2
2 2 2 2 2 2 2 2 2 2
2 2 2 2 2 2 2 2 2 2
2 2 2 2 2 2 2 2 2 2
4 4
2 2 2 2
2 2 2 2
2 2 2 2
2 2 2 1
3 3
2 2 2
2 1 2
2 1 2
3 3
2 2 2
2 2 2
2 1 2
10 10
1 1 1 1 1 1 1 1 1 1
1 1 1 1 1 1 1 1 1 1
1 1 1 1 1 1 1 1 1 1
1 1 1 1 1 1 1 1 1 1
1 1 1 1 1 1 1 1 1 1
1 1 1 1 1 1 1 1 1 1
1 1 1 1 1 1 1 1 1 1
1 1 1 1 1 1 1 1 1 1
1 1 1 1 1 1 1 1 1 1
1 1 1 1 1 1 1 1 1 2
3 1
1
1
1
6 5
2 2 2 1 1
2 2 1 2 2
2 1 1 1 2
1 2 1 2 2
1 1 2 2 1
2 1 1 2 1
2 3
1 1 2
2 2 1
8 2
1 2
2 2
2 2
2 2
1 2
2 2
2 2
2 2
8 8
2 2 2 2 2 2 2 2
2 2 2 2 2 2 2 2
2 2 2 2 2 2 2 2
2 2 2 2 2 2 2 2
2 2 2 2 2 2 2 2
2 2 2 2 2 2 2 2
1 2 2 2 2 2 2 2
2 2 2 2 2 2 2 2
10 4
2 2 2 2
2 2 2 2
2 2 2 2
2 1 2 2
1 2 2 2
2 2 2 2
2 2 2 2
2 2 2 1
2 2 1 2
2 2 2 2
2 5
2 2 2 2 2
1 2 2 2 2
3 2
2 2
1 2
1 2
3 2
2 2
2 2
1 2
4 10
2 1 1 2 1 1 1 2 2 1
1 1 2 2 1 2 2 2 2 1
2 2 2 1 2 2 2 1 2 1
1 2 1 1 2 2 1 1 2 1
5 1
2
2
2
2
2
8 3
2 2 2
2 2 2
1 2 2
2 2 2
2 2 2
2 2 2
2 2 2
2 2 2
5 6
1 2 1 2 1 1
1 1 1 1 1 1
1 2 1 2 1 1
1 2 1 2 1 1
1 1 1 1 1 1
10 10
2 2 2 2 2 2 2 2 2 2
2 2 2 2 2 2 2 2 2 2
2 2 2 2 2 2 2 2 2 2
2 2 2 2 2 2 2 2 2 2
2 2 2 2 2 2 2 2 2 2
2 2 2 2 2 2 2 2 2 2
2 2 2 2 2 2 2 2 2 2
2 2 2 2 2 2 2 2 2 2
2 2 2 2 2 2 2 2 2 2
2 2 2 2 2 2 2 2 2 1
4 8
2 2 2 2 2 2 2 2
2 2 2 2 2 2 2 2
2 2 2 2 2 2 1 2
2 2 2 2 2 2 2 2
10 10
2 2 2 2 2 2 2 2 2 2
2 2 2 2 2 2 1 2 2 2
2 2 2 2 2 2 2 2 2 2
2 2 2 2 2 2 2 2 2 2
2 2 2 2 2 2 2 2 2 2
2 2 2 2 2 2 2 2 2 2
2 2 2 2 2 2 2 2 2 2
2 2 2 2 2 2 2 2 2 2
2 2 2 2 2 2 2 2 2 2
2 2 2 2 2 2 2 2 2 2
4 5
2 2 2 2 2
2 2 2 2 2
2 2 2 2 2
1 2 2 2 2
