100
122 1000
7 742
220 769
1 121
83 367
50 795
135 989
21 221
530 590
1 6
404 828
1 10
1 4
120 121
1 9
9 109
8 742
232 809
303 484
483 485
120 122
30 732
1 2
37 152
1 122
143 343
598 943
1 5
65 485
9 742
4 104
9 65
100 1000
122 483
65 584
3 10
3 484
65 484
4 122
1 484
385 828
593 964
21 584
3 9
1 485
589 591
90 260
8 121
21 122
9 302
483 742
7 366
384 742
56 937
3 485
120 584
8 109
4 4
1 65
7 121
120 221
1 584
674 883
1 1
151 594
120 485
8 221
4 6
65 122
1 109
3 5
1 101
3 221
1 104
4 109
3 65
21 121
3 584
1 221
8 65
9 221
536 693
474 727
1 742
817 883
121 121
95 630
28 785
121 302
7 65
204 797
121 484
1 1000
161 812
484 485
225 561
483 584
306 390
10 120
8 10
