4 3 2 6 6 0 5 2 0 0 5 3 5 2 6 0 9 0 5 1
6 / 0 4 5 0 9 / 9 0 6 / 6 0 0 1 4 1 4 0
9 0 5 3 7 2 3 0 4 3 2 6 6 1 7 1 6 3 3 0
6 2 1 4 6 / 5 0 2 / X 8 0 2 6 3 1 0 8
X X X 0 3 4 1 3 2 1 2 X 3 3 X 1 7
9 0 5 1 6 2 5 4 4 1 9 / 1 0 1 2 X 9 / 1
4 4 9 0 8 / 5 0 8 1 8 0 5 2 6 2 0 8 1 / 2
X 8 0 3 6 6 0 5 3 7 / 3 4 9 0 6 1 0 1
2 / 9 0 8 0 7 2 9 0 2 4 X 4 1 1 1 3 3
2 7 3 / 9 / 5 4 2 2 7 0 4 4 0 8 2 7 7 1
3 2 2 1 8 1 3 5 5 0 0 9 7 1 7 0 5 / 9 / 2
8 / 1 1 4 0 2 4 X 4 5 3 4 2 7 6 2 2 4
1 3 1 / 2 7 7 1 4 0 5 0 8 / X 2 1 1 3
4 2 3 / 4 2 7 / 4 3 5 4 9 / 3 1 5 1 6 / X
6 / 0 4 0 1 2 0 6 2 6 3 1 2 3 1 4 5 2 0
9 / 6 / 4 0 8 1 0 9 0 4 6 / 3 6 7 1 9 / 5
9 / 6 / X 8 / 9 0 6 1 9 0 5 4 0 2 9 0
0 / 4 0 4 2 5 3 1 6 1 6 1 1 7 2 6 / 1 2
1 / X 5 1 8 / 9 0 3 6 5 / 9 0 1 2 2 / X
6 / 1 / 0 6 7 / 4 / X 3 6 2 5 1 0 1 5
2 / 0 9 4 5 6 3 7 / 3 1 8 / 1 2 1 0 8 0
8 / 9 / 5 / 8 1 9 / 1 2 9 / 7 0 0 4 4 2
4 5 1 7 3 0 2 3 2 7 9 / 2 5 4 3 3 4 8 0
3 3 X 4 1 3 5 X 3 2 6 3 0 1 0 9 3 4
1 4 X X 7 0 2 4 8 0 2 6 6 3 0 8 8 / 4
1 8 X 1 7 7 / 8 1 0 3 X 0 5 9 / 8 0
X 4 4 4 1 X 7 1 1 / 2 / 7 / X 3 2
3 6 0 4 5 1 2 0 X 6 0 7 / 7 1 1 2 4 1
X 5 4 4 3 1 6 5 1 5 / 3 1 9 / 8 0 4 2
9 / 3 / 4 5 6 1 5 / 7 / 1 6 4 4 6 3 6 / 3
0 5 5 0 8 1 6 0 1 2 6 1 2 2 7 1 6 1 X 3 6
7 0 3 2 6 0 5 4 5 1 1 / 9 0 6 0 0 9 4 0
0 6 3 2 9 0 9 / 5 / 7 / 6 / 6 2 6 2 6 / 2
X 7 1 X 7 2 9 / 4 2 7 2 9 / 5 / 0 / X
3 4 5 4 1 5 2 3 1 7 X 4 5 1 6 8 / 4 3
9 0 4 2 7 2 8 0 5 0 7 1 2 0 8 / 4 1 X 4 0
5 1 3 4 X 2 5 X 1 0 1 7 4 0 9 0 8 1
6 2 9 / 7 0 6 / 0 0 X 9 / 8 1 0 3 9 / 8
4 / 5 3 3 1 3 1 8 1 7 2 9 / 5 0 9 / 1 4
3 1 9 0 6 2 X 4 / 8 / 1 7 3 2 2 0 0 8
3 0 5 2 0 8 0 0 9 / 9 / 7 0 2 3 7 / 5 / X
2 7 1 5 2 1 0 5 7 / 9 0 X 4 2 7 2 6 3
7 0 1 4 8 1 9 0 8 1 4 2 9 0 4 3 4 3 0 4
0 8 5 2 2 6 3 5 7 0 5 4 4 3 4 0 4 3 X 3 2
8 0 0 0 9 / 6 3 2 7 X 1 3 8 1 0 6 6 / 0
4 5 5 1 4 4 6 / 9 0 1 7 8 1 7 / 4 1 1 0
2 3 4 0 9 / 1 5 2 / 5 1 5 3 0 6 0 1 0 8
2 6 0 6 9 / 7 0 2 7 8 0 5 / 6 0 8 / 4 2
1 1 6 3 6 1 5 / 7 1 6 0 2 5 5 2 0 1 4 2
X 4 5 4 1 1 4 7 1 9 0 5 0 4 2 0 4 0 3
5 3 0 1 0 4 5 2 0 1 8 0 4 0 1 4 6 2 2 1
5 1 0 7 7 2 6 3 3 0 0 2 5 1 5 / 3 / X 6 1
3 2 6 0 7 0 0 7 4 / 4 3 7 0 2 6 2 4 5 3
0 6 4 / 1 4 1 7 1 1 5 3 0 0 3 1 8 0 8 0
4 1 2 2 0 1 0 7 7 / 8 / 5 0 8 1 8 1 2 1
7 1 X 1 3 9 / 4 1 6 3 X 8 0 8 / 7 0
5 1 1 4 7 2 7 2 9 0 1 7 3 5 X 8 1 4 5
4 5 3 4 0 5 9 0 7 2 0 7 9 / 9 0 6 1 4 2
7 / 3 1 6 1 X 3 / 2 6 X 5 0 7 2 6 1
X 5 3 1 3 0 1 7 / 2 5 6 3 5 1 5 3 5 3
4 4 8 1 0 9 0 8 7 2 5 1 3 2 2 5 2 6 6 1
4 4 7 2 1 4 4 0 5 0 4 2 1 / 8 1 2 3 5 / 0
8 0 0 9 7 0 7 0 2 0 2 7 X X 7 1 3 1
X 4 2 4 1 4 3 7 2 7 0 7 1 3 / 2 0 7 1
0 7 1 4 1 4 4 3 3 3 9 / 6 3 6 3 9 0 5 0
1 8 X 8 / 4 2 5 0 3 1 1 1 X 6 3 4 0
4 5 2 6 6 1 4 4 3 5 5 2 0 0 1 8 6 0 8 1
3 5 2 4 6 1 0 1 X 4 5 2 7 4 5 8 0 2 7
1 1 6 0 9 0 6 / 8 1 7 / 7 2 1 6 X 3 3
1 5 1 8 4 0 5 3 4 1 1 3 9 0 4 1 1 8 9 0
3 6 6 3 4 3 0 6 1 4 4 2 7 2 8 / 1 3 5 3
1 2 7 0 X 5 3 7 2 4 0 3 3 6 / 3 0 2 / 9
6 0 0 4 5 1 6 3 3 6 0 8 6 1 X 2 7 6 / 1
6 2 3 4 1 4 4 / 9 / 0 7 0 9 6 / 4 1 7 / 8
5 1 X X 1 8 2 6 2 1 6 / 3 / 1 8 6 2
1 1 5 4 3 2 8 0 5 4 5 / 2 4 5 / 5 4 1 6
4 1 8 0 4 2 0 9 7 1 7 / 6 1 3 1 0 3 7 1
X 2 1 7 0 6 / 7 1 X X 0 0 9 0 9 / 7
2 2 X 6 / 0 4 5 3 3 0 8 1 3 0 X 9 / X
1 4 X 4 2 4 1 0 5 6 / 8 / 5 0 6 3 9 0
8 / 1 6 7 1 2 5 X 2 1 6 / 5 4 3 3 7 / 8
3 / 1 4 9 0 3 2 6 0 5 1 0 4 1 7 8 1 5 1
5 1 8 0 7 2 3 1 0 / 5 4 0 / 8 0 0 8 1 0
8 / 5 2 7 0 9 / 2 5 9 / 7 1 3 1 X 9 0
8 0 7 1 3 4 5 4 9 / X 4 2 9 0 4 / 4 2
0 8 7 1 7 2 6 2 6 3 8 0 6 2 9 0 4 5 9 0
3 3 7 0 8 1 1 2 2 4 5 2 4 5 1 0 2 3 X 3 2
8 0 5 3 0 6 0 1 5 4 2 5 4 1 5 0 6 2 1 0
0 0 4 2 X 0 9 1 7 0 3 6 1 3 3 3 5 3 0
0 / 9 0 1 4 0 2 2 6 7 1 3 / 0 7 4 1 8 1
X 0 1 7 1 3 3 2 7 2 7 X X 4 3 3 0
3 4 6 2 4 0 1 / 7 / 5 1 6 / 5 1 4 5 5 4
1 2 2 5 9 / 8 0 X 1 0 9 / 9 0 7 2 8 / 5
5 3 3 2 8 / 7 2 2 4 4 2 1 4 1 6 1 5 7 / 5
4 / 2 6 8 0 5 3 8 0 1 / 8 0 6 3 6 3 5 3
X 2 / 2 6 3 2 9 0 4 2 1 4 3 6 4 / 5 0
4 3 6 2 5 2 5 4 8 / 6 3 3 4 2 5 4 0 9 0
7 / 6 0 0 1 4 5 8 / 8 / 8 0 2 0 2 1 9 0
X 7 2 2 / X 4 3 1 1 2 2 0 7 5 3 2 0
X 1 5 3 4 6 3 4 5 4 4 7 2 3 1 6 0 7 / 5
0 1 0 1 0 1 0 1 0 1 0 1 0 1 0 1 0 1 0 1 0
0 0 0 0 0 0 0 0 0 0 0 0 0 0 0 0 0 0 0 0 0
X X X X X X X X X X X X
